{
 "cells": [
  {
   "cell_type": "code",
   "execution_count": 1,
   "metadata": {},
   "outputs": [],
   "source": [
    "import math\n",
    "import cv2\n",
    "import os\n",
    "import math\n",
    "import numpy as np\n",
    "\n",
    "from numpy import save\n",
    "from numpy import asarray\n",
    "\n",
    "from matplotlib import pyplot as plt\n",
    "\n",
    "from utils_hha.rgbd_util import processDepthImage\n",
    "from utils_hha.getCameraParam import getCameraParam"
   ]
  },
  {
   "cell_type": "code",
   "execution_count": 2,
   "metadata": {},
   "outputs": [],
   "source": [
    "root = '../nyudv2/depth'"
   ]
  },
  {
   "cell_type": "code",
   "execution_count": 3,
   "metadata": {},
   "outputs": [],
   "source": [
    "def getImage (filename) :\n",
    "    # D = cv2.imread(os.path.join(root, \"depth\", filename), cv2.COLOR_BGR2GRAY)/10000\n",
    "    D = np.load(filename)\n",
    "    return D"
   ]
  },
  {
   "cell_type": "code",
   "execution_count": 4,
   "metadata": {},
   "outputs": [],
   "source": [
    "def getHHA(D, RD):\n",
    "    '''\n",
    "        D: Depth image, the unit of each element in it is \"meter\"\n",
    "        RD: Raw depth image, the unit of each element in it is \"meter\"\n",
    "    '''\n",
    "    C = getCameraParam('depth')\n",
    "\n",
    "    missingMask = (RD == 0)\n",
    "    pc, N, yDir, h, pcRot, NRot = processDepthImage(D * 100, missingMask, C)\n",
    "\n",
    "    tmp = np.multiply(N, yDir)\n",
    "    acosValue = np.minimum(1,np.maximum(-1,np.sum(tmp, axis=2)))\n",
    "    angle = np.array([math.degrees(math.acos(x)) for x in acosValue.flatten()])\n",
    "    angle = np.reshape(angle, h.shape)\n",
    "\n",
    "    # Must convert nan to 180 as the MATLAB program actually does. \n",
    "    angle[np.isnan(angle)] = 180        \n",
    "\n",
    "    pc[:,:,2] = np.maximum(pc[:,:,2], 100)\n",
    "    I = np.zeros(pc.shape)\n",
    "\n",
    "    I[:,:,2] = 31000/pc[:,:,2]\n",
    "    I[:,:,1] = h\n",
    "    I[:,:,0] = (angle + 128-90)\n",
    "\n",
    "    I = np.rint(I)\n",
    "    I[I>255] = 255\n",
    "    HHA = I.astype(np.uint8)\n",
    "    return HHA"
   ]
  },
  {
   "cell_type": "code",
   "execution_count": 5,
   "metadata": {},
   "outputs": [
    {
     "name": "stdout",
     "output_type": "stream",
     "text": [
      "\n",
      "\n",
      "\n",
      "phi =============  [0.31296852]\n",
      "phi[0] =============  0.31296852137065234\n",
      "\n",
      "\n",
      "\n",
      "-ax[2] =============  [0.02421795]\n",
      "-ax[2][0] =============  0.024217945192454255\n",
      "\n",
      "\n",
      "\n",
      "ax[1] =============  [0.]\n",
      "ax[1][0] =============  0.0\n",
      "\n",
      "\n",
      "\n",
      "-ax[0] =============  [-0.9997067]\n",
      "-ax[0][0] =============  -0.9997067025536317\n",
      "\n",
      "\n",
      "\n",
      "-ax[1] =============  [-0.]\n",
      "-ax[1][0] =============  -0.0\n",
      "\n",
      "\n",
      "\n",
      "np.sin(phi) =================  [0.30788431]\n",
      "np.sin(phi)[0] =================  0.3078843107400952\n",
      "\n",
      "\n",
      "\n",
      "R ======================  [[ 0.99997151  0.00745633 -0.00117607]\n",
      " [-0.00745633  0.9514238  -0.30779401]\n",
      " [-0.00117607  0.30779401  0.95145229]]\n",
      "\n",
      "\n",
      "\n",
      "phi =============  [0.24829882]\n",
      "phi[0] =============  0.24829881682545862\n",
      "\n",
      "\n",
      "\n",
      "-ax[2] =============  [0.01992751]\n",
      "-ax[2][0] =============  0.019927510300072972\n",
      "\n",
      "\n",
      "\n",
      "ax[1] =============  [0.]\n",
      "ax[1][0] =============  0.0\n",
      "\n",
      "\n",
      "\n",
      "-ax[0] =============  [-0.99980143]\n",
      "-ax[0][0] =============  -0.9998014274510916\n",
      "\n",
      "\n",
      "\n",
      "-ax[1] =============  [-0.]\n",
      "-ax[1][0] =============  -0.0\n",
      "\n",
      "\n",
      "\n",
      "np.sin(phi) =================  [0.2457553]\n",
      "np.sin(phi)[0] =================  0.24575530454370456\n",
      "\n",
      "\n",
      "\n",
      "R ======================  [[ 9.99987822e-01  4.89729136e-03 -6.11017544e-04]\n",
      " [-4.89729136e-03  9.69331899e-01 -2.45706504e-01]\n",
      " [-6.11017544e-04  2.45706504e-01  9.69344077e-01]]\n",
      "\n",
      "\n",
      "\n",
      "phi =============  [0.2296001]\n",
      "phi[0] =============  0.22960010108668388\n",
      "\n",
      "\n",
      "\n",
      "-ax[2] =============  [0.37331278]\n",
      "-ax[2][0] =============  0.37331278045301464\n",
      "\n",
      "\n",
      "\n",
      "ax[1] =============  [0.]\n",
      "ax[1][0] =============  0.0\n",
      "\n",
      "\n",
      "\n",
      "-ax[0] =============  [-0.92770554]\n",
      "-ax[0][0] =============  -0.9277055394630558\n",
      "\n",
      "\n",
      "\n",
      "-ax[1] =============  [-0.]\n",
      "-ax[1][0] =============  -0.0\n",
      "\n",
      "\n",
      "\n",
      "np.sin(phi) =================  [0.22758814]\n",
      "np.sin(phi)[0] =================  0.22758813718328666\n",
      "\n",
      "\n",
      "\n",
      "R ======================  [[ 0.99634278  0.08496156 -0.00908842]\n",
      " [-0.08496156  0.97375749 -0.21113478]\n",
      " [-0.00908842  0.21113478  0.97741471]]\n",
      "\n",
      "\n",
      "\n",
      "phi =============  [0.31698868]\n",
      "phi[0] =============  0.3169886827764592\n",
      "\n",
      "\n",
      "\n",
      "-ax[2] =============  [-0.32793603]\n",
      "-ax[2][0] =============  -0.3279360289556326\n",
      "\n",
      "\n",
      "\n",
      "ax[1] =============  [-0.]\n",
      "ax[1][0] =============  -0.0\n",
      "\n",
      "\n",
      "\n",
      "-ax[0] =============  [-0.94469993]\n",
      "-ax[0][0] =============  -0.9446999316782079\n",
      "\n",
      "\n",
      "\n",
      "-ax[1] =============  [0.]\n",
      "-ax[1][0] =============  0.0\n",
      "\n",
      "\n",
      "\n",
      "np.sin(phi) =================  [0.31170669]\n",
      "np.sin(phi)[0] =================  0.3117066897238834\n",
      "\n",
      "\n",
      "\n",
      "R ======================  [[ 0.99464208 -0.10221985  0.0154348 ]\n",
      " [ 0.10221985  0.95017837 -0.29446929]\n",
      " [ 0.0154348   0.29446929  0.95553629]]\n",
      "\n",
      "\n",
      "\n",
      "phi =============  [0.18211542]\n",
      "phi[0] =============  0.1821154194661583\n",
      "\n",
      "\n",
      "\n",
      "-ax[2] =============  [0.42133833]\n",
      "-ax[2][0] =============  0.421338332770114\n",
      "\n",
      "\n",
      "\n",
      "ax[1] =============  [0.]\n",
      "ax[1][0] =============  0.0\n",
      "\n",
      "\n",
      "\n",
      "-ax[0] =============  [-0.90690353]\n",
      "-ax[0][0] =============  -0.9069035281321276\n",
      "\n",
      "\n",
      "\n",
      "-ax[1] =============  [-0.]\n",
      "-ax[1][0] =============  -0.0\n",
      "\n",
      "\n",
      "\n",
      "np.sin(phi) =================  [0.18111041]\n",
      "np.sin(phi)[0] =================  0.18111041339446804\n",
      "\n",
      "\n",
      "\n",
      "R ======================  [[ 0.99706421  0.07630876 -0.00631909]\n",
      " [-0.07630876  0.98346277 -0.16424967]\n",
      " [-0.00631909  0.16424967  0.98639856]]\n",
      "\n",
      "\n",
      "\n",
      "phi =============  [0.04356826]\n",
      "phi[0] =============  0.043568261763124984\n",
      "\n",
      "\n",
      "\n",
      "-ax[2] =============  [0.99666552]\n",
      "-ax[2][0] =============  0.9966655173876178\n",
      "\n",
      "\n",
      "\n",
      "ax[1] =============  [0.]\n",
      "ax[1][0] =============  0.0\n",
      "\n",
      "\n",
      "\n",
      "-ax[0] =============  [0.08159563]\n",
      "-ax[0][0] =============  0.08159562764310424\n",
      "\n",
      "\n",
      "\n",
      "-ax[1] =============  [-0.]\n",
      "-ax[1][0] =============  -0.0\n",
      "\n",
      "\n",
      "\n",
      "np.sin(phi) =================  [0.04355448]\n",
      "np.sin(phi)[0] =================  0.0435544795731917\n",
      "\n",
      "\n",
      "\n",
      "R ======================  [[ 9.99057371e-01  4.34092479e-02  7.71717044e-05]\n",
      " [-4.34092479e-02  9.99051053e-01  3.55385510e-03]\n",
      " [ 7.71717044e-05 -3.55385510e-03  9.99993682e-01]]\n",
      "\n",
      "\n",
      "\n",
      "phi =============  [0.21607549]\n",
      "phi[0] =============  0.21607548629249546\n",
      "\n",
      "\n",
      "\n",
      "-ax[2] =============  [0.16631956]\n",
      "-ax[2][0] =============  0.1663195574044589\n",
      "\n",
      "\n",
      "\n",
      "ax[1] =============  [0.]\n",
      "ax[1][0] =============  0.0\n",
      "\n",
      "\n",
      "\n",
      "-ax[0] =============  [-0.98607191]\n",
      "-ax[0][0] =============  -0.986071906518376\n",
      "\n",
      "\n",
      "\n",
      "-ax[1] =============  [-0.]\n",
      "-ax[1][0] =============  -0.0\n",
      "\n",
      "\n",
      "\n",
      "np.sin(phi) =================  [0.21439803]\n",
      "np.sin(phi)[0] =================  0.21439802943193165\n",
      "\n",
      "\n",
      "\n",
      "R ======================  [[ 0.99935675  0.03565859 -0.00381366]\n",
      " [-0.03565859  0.97674638 -0.21141187]\n",
      " [-0.00381366  0.21141187  0.97738962]]\n",
      "\n",
      "\n",
      "\n",
      "phi =============  [0.18202368]\n",
      "phi[0] =============  0.18202368061216487\n",
      "\n",
      "\n",
      "\n",
      "-ax[2] =============  [0.10307298]\n",
      "-ax[2][0] =============  0.10307297743661545\n",
      "\n",
      "\n",
      "\n",
      "ax[1] =============  [0.]\n",
      "ax[1][0] =============  0.0\n",
      "\n",
      "\n",
      "\n",
      "-ax[0] =============  [-0.9946738]\n",
      "-ax[0][0] =============  -0.9946737964389888\n",
      "\n",
      "\n",
      "\n",
      "-ax[1] =============  [-0.]\n",
      "-ax[1][0] =============  -0.0\n",
      "\n",
      "\n",
      "\n",
      "np.sin(phi) =================  [0.18102019]\n",
      "np.sin(phi)[0] =================  0.1810201908851001\n",
      "\n",
      "\n",
      "\n",
      "R ======================  [[ 0.99982448  0.01865829 -0.00169376]\n",
      " [-0.01865829  0.98347938 -0.18005604]\n",
      " [-0.00169376  0.18005604  0.9836549 ]]\n",
      "\n",
      "\n",
      "\n",
      "phi =============  [0.31217698]\n",
      "phi[0] =============  0.3121769806104023\n",
      "\n",
      "\n",
      "\n",
      "-ax[2] =============  [-0.35255128]\n",
      "-ax[2][0] =============  -0.3525512788645908\n",
      "\n",
      "\n",
      "\n",
      "ax[1] =============  [-0.]\n",
      "ax[1][0] =============  -0.0\n",
      "\n",
      "\n",
      "\n",
      "-ax[0] =============  [-0.9357925]\n",
      "-ax[0][0] =============  -0.9357924961074123\n",
      "\n",
      "\n",
      "\n",
      "-ax[1] =============  [0.]\n",
      "-ax[1][0] =============  0.0\n",
      "\n",
      "\n",
      "\n",
      "np.sin(phi) =================  [0.30713112]\n",
      "np.sin(phi)[0] =================  0.3071311236486852\n",
      "\n",
      "\n",
      "\n",
      "R ======================  [[ 0.9939926  -0.10827947  0.01594571]\n",
      " [ 0.10827947  0.95166721 -0.287411  ]\n",
      " [ 0.01594571  0.287411    0.95767461]]\n",
      "\n",
      "\n",
      "\n",
      "phi =============  [0.28337989]\n",
      "phi[0] =============  0.2833798855727968\n",
      "\n",
      "\n",
      "\n",
      "-ax[2] =============  [-0.16318949]\n",
      "-ax[2][0] =============  -0.16318949410193917\n",
      "\n",
      "\n",
      "\n",
      "ax[1] =============  [-0.]\n",
      "ax[1][0] =============  -0.0\n",
      "\n",
      "\n",
      "\n",
      "-ax[0] =============  [-0.98659474]\n",
      "-ax[0][0] =============  -0.986594744064022\n",
      "\n",
      "\n",
      "\n",
      "-ax[1] =============  [0.]\n",
      "-ax[1][0] =============  0.0\n",
      "\n",
      "\n",
      "\n",
      "np.sin(phi) =================  [0.27960232]\n",
      "np.sin(phi)[0] =================  0.27960232129989143\n",
      "\n",
      "\n",
      "\n",
      "R ======================  [[ 0.99893785 -0.04562816  0.00642142]\n",
      " [ 0.04562816  0.9601159  -0.27585418]\n",
      " [ 0.00642142  0.27585418  0.96117805]]\n",
      "\n",
      "\n",
      "\n",
      "phi =============  [0.40936333]\n",
      "phi[0] =============  0.409363333891255\n",
      "\n",
      "\n",
      "\n",
      "-ax[2] =============  [0.02163864]\n",
      "-ax[2][0] =============  0.021638635626406076\n",
      "\n",
      "\n",
      "\n",
      "ax[1] =============  [0.]\n",
      "ax[1][0] =============  0.0\n",
      "\n",
      "\n",
      "\n",
      "-ax[0] =============  [-0.99976586]\n",
      "-ax[0][0] =============  -0.9997658573127148\n",
      "\n",
      "\n",
      "\n",
      "-ax[1] =============  [-0.]\n",
      "-ax[1][0] =============  -0.0\n",
      "\n",
      "\n",
      "\n",
      "np.sin(phi) =================  [0.39802535]\n",
      "np.sin(phi)[0] =================  0.39802534749146395\n",
      "\n",
      "\n",
      "\n",
      "R ======================  [[ 0.99996131  0.00861273 -0.00178749]\n",
      " [-0.00861273  0.91737442 -0.39793215]\n",
      " [-0.00178749  0.39793215  0.91741311]]\n",
      "\n",
      "\n",
      "\n",
      "phi =============  [0.10811107]\n",
      "phi[0] =============  0.10811106873274458\n",
      "\n",
      "\n",
      "\n",
      "-ax[2] =============  [0.41731033]\n",
      "-ax[2][0] =============  0.4173103339174747\n",
      "\n",
      "\n",
      "\n",
      "ax[1] =============  [0.]\n",
      "ax[1][0] =============  0.0\n",
      "\n",
      "\n",
      "\n",
      "-ax[0] =============  [-0.90876404]\n",
      "-ax[0][0] =============  -0.9087640426456615\n",
      "\n",
      "\n",
      "\n",
      "-ax[1] =============  [-0.]\n",
      "-ax[1][0] =============  -0.0\n",
      "\n",
      "\n",
      "\n",
      "np.sin(phi) =================  [0.10790059]\n",
      "np.sin(phi)[0] =================  0.1079005913541827\n",
      "\n",
      "\n",
      "\n",
      "R ======================  [[ 0.99898327  0.04502803 -0.0022141 ]\n",
      " [-0.04502803  0.99416169 -0.09805618]\n",
      " [-0.0022141   0.09805618  0.99517842]]\n",
      "\n",
      "\n",
      "\n",
      "phi =============  [0.19233485]\n",
      "phi[0] =============  0.19233484564775483\n",
      "\n",
      "\n",
      "\n",
      "-ax[2] =============  [-0.00684015]\n",
      "-ax[2][0] =============  -0.006840149802062372\n",
      "\n",
      "\n",
      "\n",
      "ax[1] =============  [-0.]\n",
      "ax[1][0] =============  -0.0\n",
      "\n",
      "\n",
      "\n",
      "-ax[0] =============  [-0.99997661]\n",
      "-ax[0][0] =============  -0.9999766059017007\n",
      "\n",
      "\n",
      "\n",
      "-ax[1] =============  [0.]\n",
      "-ax[1][0] =============  0.0\n",
      "\n",
      "\n",
      "\n",
      "np.sin(phi) =================  [0.19115121]\n",
      "np.sin(phi)[0] =================  0.19115120642541872\n",
      "\n",
      "\n",
      "\n",
      "R ======================  [[ 9.99999137e-01 -1.30750289e-03  1.26125291e-04]\n",
      " [ 1.30750289e-03  9.81560602e-01 -1.91146735e-01]\n",
      " [ 1.26125291e-04  1.91146735e-01  9.81561465e-01]]\n",
      "\n",
      "\n",
      "\n",
      "phi =============  [0.10563264]\n",
      "phi[0] =============  0.10563264355268272\n",
      "\n",
      "\n",
      "\n",
      "-ax[2] =============  [0.25853771]\n",
      "-ax[2][0] =============  0.25853771466702574\n",
      "\n",
      "\n",
      "\n",
      "ax[1] =============  [0.]\n",
      "ax[1][0] =============  0.0\n",
      "\n",
      "\n",
      "\n",
      "-ax[0] =============  [-0.96600116]\n",
      "-ax[0][0] =============  -0.9660011646446145\n",
      "\n",
      "\n",
      "\n",
      "-ax[1] =============  [-0.]\n",
      "-ax[1][0] =============  -0.0\n",
      "\n",
      "\n",
      "\n",
      "np.sin(phi) =================  [0.10543631]\n",
      "np.sin(phi)[0] =================  0.10543630712102932\n",
      "\n",
      "\n",
      "\n",
      "R ======================  [[ 0.99962743  0.02725926 -0.00139208]\n",
      " [-0.02725926  0.99442606 -0.1018516 ]\n",
      " [-0.00139208  0.1018516   0.99479863]]\n",
      "\n",
      "\n",
      "\n",
      "phi =============  [0.31716235]\n",
      "phi[0] =============  0.3171623545174553\n",
      "\n",
      "\n",
      "\n",
      "-ax[2] =============  [0.20939401]\n",
      "-ax[2][0] =============  0.20939400790651952\n",
      "\n",
      "\n",
      "\n",
      "ax[1] =============  [0.]\n",
      "ax[1][0] =============  0.0\n",
      "\n",
      "\n",
      "\n",
      "-ax[0] =============  [-0.97783135]\n",
      "-ax[0][0] =============  -0.9778313502096588\n",
      "\n",
      "\n",
      "\n",
      "-ax[1] =============  [-0.]\n",
      "-ax[1][0] =============  -0.0\n",
      "\n",
      "\n",
      "\n",
      "np.sin(phi) =================  [0.3118717]\n",
      "np.sin(phi)[0] =================  0.3118717041544352\n",
      "\n",
      "\n",
      "\n",
      "R ======================  [[ 0.99781315  0.06530407 -0.01021217]\n",
      " [-0.06530407  0.95012422 -0.30495793]\n",
      " [-0.01021217  0.30495793  0.95231107]]\n",
      "\n",
      "\n",
      "\n",
      "phi =============  [0.17812264]\n",
      "phi[0] =============  0.17812263999980016\n",
      "\n",
      "\n",
      "\n",
      "-ax[2] =============  [0.07139946]\n",
      "-ax[2][0] =============  0.07139945540311311\n",
      "\n",
      "\n",
      "\n",
      "ax[1] =============  [0.]\n",
      "ax[1][0] =============  0.0\n",
      "\n",
      "\n",
      "\n",
      "-ax[0] =============  [-0.9974478]\n",
      "-ax[0][0] =============  -0.9974478020268223\n",
      "\n",
      "\n",
      "\n",
      "-ax[1] =============  [-0.]\n",
      "-ax[1][0] =============  -0.0\n",
      "\n",
      "\n",
      "\n",
      "np.sin(phi) =================  [0.17718223]\n",
      "np.sin(phi)[0] =================  0.17718223022247034\n",
      "\n",
      "\n",
      "\n",
      "R ======================  [[ 0.99991934  0.01265071 -0.00112679]\n",
      " [-0.01265071  0.98417806 -0.17673003]\n",
      " [-0.00112679  0.17673003  0.98425872]]\n",
      "\n",
      "\n",
      "\n",
      "phi =============  [0.16011711]\n",
      "phi[0] =============  0.16011711212567667\n",
      "\n",
      "\n",
      "\n",
      "-ax[2] =============  [0.01305268]\n",
      "-ax[2][0] =============  0.013052676993333043\n",
      "\n",
      "\n",
      "\n",
      "ax[1] =============  [0.]\n",
      "ax[1][0] =============  0.0\n",
      "\n",
      "\n",
      "\n",
      "-ax[0] =============  [-0.99991481]\n",
      "-ax[0][0] =============  -0.9999148101830013\n",
      "\n",
      "\n",
      "\n",
      "-ax[1] =============  [-0.]\n",
      "-ax[1][0] =============  -0.0\n",
      "\n",
      "\n",
      "\n",
      "np.sin(phi) =================  [0.15943382]\n",
      "np.sin(phi)[0] =================  0.1594338218071193\n",
      "\n",
      "\n",
      "\n",
      "R ======================  [[ 9.99997821e-01  2.08103818e-03 -1.66947547e-04]\n",
      " [-2.08103818e-03  9.87208619e-01 -1.59420240e-01]\n",
      " [-1.66947547e-04  1.59420240e-01  9.87210798e-01]]\n",
      "\n",
      "\n",
      "\n",
      "phi =============  [0.46294241]\n",
      "phi[0] =============  0.4629424099056886\n",
      "\n",
      "\n",
      "\n",
      "-ax[2] =============  [0.16343601]\n",
      "-ax[2][0] =============  0.16343600965627583\n",
      "\n",
      "\n",
      "\n",
      "ax[1] =============  [0.]\n",
      "ax[1][0] =============  0.0\n",
      "\n",
      "\n",
      "\n",
      "-ax[0] =============  [-0.98655394]\n",
      "-ax[0][0] =============  -0.9865539370696534\n",
      "\n",
      "\n",
      "\n",
      "-ax[1] =============  [-0.]\n",
      "-ax[1][0] =============  -0.0\n",
      "\n",
      "\n",
      "\n",
      "np.sin(phi) =================  [0.44658274]\n",
      "np.sin(phi)[0] =================  0.44658273510555074\n",
      "\n",
      "\n",
      "\n",
      "R ======================  [[ 0.99718843  0.0729877  -0.01697158]\n",
      " [-0.0729877   0.89474234 -0.44057796]\n",
      " [-0.01697158  0.44057796  0.89755392]]\n",
      "\n",
      "\n",
      "\n",
      "phi =============  [0.20349158]\n",
      "phi[0] =============  0.2034915794558445\n",
      "\n",
      "\n",
      "\n",
      "-ax[2] =============  [-0.03484463]\n",
      "-ax[2][0] =============  -0.034844628261135525\n",
      "\n",
      "\n",
      "\n",
      "ax[1] =============  [-0.]\n",
      "ax[1][0] =============  -0.0\n",
      "\n",
      "\n",
      "\n",
      "-ax[0] =============  [-0.99939274]\n",
      "-ax[0][0] =============  -0.9993927415592646\n",
      "\n",
      "\n",
      "\n",
      "-ax[1] =============  [0.]\n",
      "-ax[1][0] =============  0.0\n",
      "\n",
      "\n",
      "\n",
      "np.sin(phi) =================  [0.20209009]\n",
      "np.sin(phi)[0] =================  0.20209009317034896\n",
      "\n",
      "\n",
      "\n",
      "R ======================  [[ 9.99974948e-01 -7.04175417e-03  7.18514875e-04]\n",
      " [ 7.04175417e-03  9.79366935e-01 -2.01967372e-01]\n",
      " [ 7.18514875e-04  2.01967372e-01  9.79391987e-01]]\n",
      "\n",
      "\n",
      "\n",
      "phi =============  [0.12668031]\n",
      "phi[0] =============  0.1266803115515199\n",
      "\n",
      "\n",
      "\n",
      "-ax[2] =============  [-0.33988302]\n",
      "-ax[2][0] =============  -0.33988302351948685\n",
      "\n",
      "\n",
      "\n",
      "ax[1] =============  [-0.]\n",
      "ax[1][0] =============  -0.0\n",
      "\n",
      "\n",
      "\n",
      "-ax[0] =============  [-0.94046772]\n",
      "-ax[0][0] =============  -0.9404677189160998\n",
      "\n",
      "\n",
      "\n",
      "-ax[1] =============  [0.]\n",
      "-ax[1][0] =============  0.0\n",
      "\n",
      "\n",
      "\n",
      "np.sin(phi) =================  [0.12634176]\n",
      "np.sin(phi)[0] =================  0.12634175779611803\n",
      "\n",
      "\n",
      "\n",
      "R ======================  [[ 0.99907431 -0.04294142  0.00256142]\n",
      " [ 0.04294142  0.99198677 -0.11882034]\n",
      " [ 0.00256142  0.11882034  0.99291247]]\n",
      "\n",
      "\n",
      "\n",
      "phi =============  [0.03752832]\n",
      "phi[0] =============  0.03752832386298862\n",
      "\n",
      "\n",
      "\n",
      "-ax[2] =============  [0.75075008]\n",
      "-ax[2][0] =============  0.7507500757347156\n",
      "\n",
      "\n",
      "\n",
      "ax[1] =============  [0.]\n",
      "ax[1][0] =============  0.0\n",
      "\n",
      "\n",
      "\n",
      "-ax[0] =============  [-0.66058635]\n",
      "-ax[0][0] =============  -0.6605863484695385\n",
      "\n",
      "\n",
      "\n",
      "-ax[1] =============  [-0.]\n",
      "-ax[1][0] =============  -0.0\n",
      "\n",
      "\n",
      "\n",
      "np.sin(phi) =================  [0.03751952]\n",
      "np.sin(phi)[0] =================  0.037519515490524145\n",
      "\n",
      "\n",
      "\n",
      "R ======================  [[ 9.99603148e-01  2.81677791e-02 -3.49190442e-04]\n",
      " [-2.81677791e-02  9.99295895e-01 -2.47848797e-02]\n",
      " [-3.49190442e-04  2.47848797e-02  9.99692747e-01]]\n",
      "\n",
      "\n",
      "\n",
      "phi =============  [0.16339159]\n",
      "phi[0] =============  0.16339158820843222\n",
      "\n",
      "\n",
      "\n",
      "-ax[2] =============  [-0.64652879]\n",
      "-ax[2][0] =============  -0.646528786755979\n",
      "\n",
      "\n",
      "\n",
      "ax[1] =============  [-0.]\n",
      "ax[1][0] =============  -0.0\n",
      "\n",
      "\n",
      "\n",
      "-ax[0] =============  [-0.76288959]\n",
      "-ax[0][0] =============  -0.7628895908949352\n",
      "\n",
      "\n",
      "\n",
      "-ax[1] =============  [0.]\n",
      "-ax[1][0] =============  0.0\n",
      "\n",
      "\n",
      "\n",
      "np.sin(phi) =================  [0.16266555]\n",
      "np.sin(phi)[0] =================  0.1626655523009955\n",
      "\n",
      "\n",
      "\n",
      "R ======================  [[ 0.99443278 -0.10516796  0.0065692 ]\n",
      " [ 0.10516796  0.98668126 -0.12409586]\n",
      " [ 0.0065692   0.12409586  0.99224849]]\n",
      "\n",
      "\n",
      "\n",
      "phi =============  [0.18260819]\n",
      "phi[0] =============  0.182608191764986\n",
      "\n",
      "\n",
      "\n",
      "-ax[2] =============  [-0.03457591]\n",
      "-ax[2][0] =============  -0.03457590575019516\n",
      "\n",
      "\n",
      "\n",
      "ax[1] =============  [-0.]\n",
      "ax[1][0] =============  -0.0\n",
      "\n",
      "\n",
      "\n",
      "-ax[0] =============  [-0.99940207]\n",
      "-ax[0][0] =============  -0.9994020746133929\n",
      "\n",
      "\n",
      "\n",
      "-ax[1] =============  [0.]\n",
      "-ax[1][0] =============  0.0\n",
      "\n",
      "\n",
      "\n",
      "np.sin(phi) =================  [0.18159501]\n",
      "np.sin(phi)[0] =================  0.18159501459535854\n",
      "\n",
      "\n",
      "\n",
      "R ======================  [[ 9.99980123e-01 -6.27881211e-03  5.74535899e-04]\n",
      " [ 6.27881211e-03  9.83373403e-01 -1.81486434e-01]\n",
      " [ 5.74535899e-04  1.81486434e-01  9.83393280e-01]]\n",
      "\n",
      "\n",
      "\n",
      "phi =============  [0.16054044]\n",
      "phi[0] =============  0.16054044439258933\n",
      "\n",
      "\n",
      "\n",
      "-ax[2] =============  [0.16694621]\n",
      "-ax[2][0] =============  0.16694621303091764\n",
      "\n",
      "\n",
      "\n",
      "ax[1] =============  [0.]\n",
      "ax[1][0] =============  0.0\n",
      "\n",
      "\n",
      "\n",
      "-ax[0] =============  [-0.985966]\n",
      "-ax[0][0] =============  -0.9859660044619366\n",
      "\n",
      "\n",
      "\n",
      "-ax[1] =============  [-0.]\n",
      "-ax[1][0] =============  -0.0\n",
      "\n",
      "\n",
      "\n",
      "np.sin(phi) =================  [0.15985172]\n",
      "np.sin(phi)[0] =================  0.15985172477094312\n",
      "\n",
      "\n",
      "\n",
      "R ======================  [[ 0.99964161  0.02668664 -0.00211663]\n",
      " [-0.02668664  0.98714104 -0.15760837]\n",
      " [-0.00211663  0.15760837  0.98749943]]\n",
      "\n",
      "\n",
      "\n",
      "phi =============  [0.21341809]\n",
      "phi[0] =============  0.21341809480267135\n",
      "\n",
      "\n",
      "\n",
      "-ax[2] =============  [0.0579683]\n",
      "-ax[2][0] =============  0.05796830414640436\n",
      "\n",
      "\n",
      "\n",
      "ax[1] =============  [0.]\n",
      "ax[1][0] =============  0.0\n",
      "\n",
      "\n",
      "\n",
      "-ax[0] =============  [-0.99831842]\n",
      "-ax[0][0] =============  -0.998318424008287\n",
      "\n",
      "\n",
      "\n",
      "-ax[1] =============  [-0.]\n",
      "-ax[1][0] =============  -0.0\n",
      "\n",
      "\n",
      "\n",
      "np.sin(phi) =================  [0.21180168]\n",
      "np.sin(phi)[0] =================  0.2118016779668826\n",
      "\n",
      "\n",
      "\n",
      "R ======================  [[ 0.99992376  0.01227778 -0.00131293]\n",
      " [-0.01227778  0.97731267 -0.21144552]\n",
      " [-0.00131293  0.21144552  0.9773889 ]]\n",
      "\n",
      "\n",
      "\n",
      "phi =============  [0.25377691]\n",
      "phi[0] =============  0.2537769084109121\n",
      "\n",
      "\n",
      "\n",
      "-ax[2] =============  [0.11514763]\n",
      "-ax[2][0] =============  0.11514763139331566\n",
      "\n",
      "\n",
      "\n",
      "ax[1] =============  [0.]\n",
      "ax[1][0] =============  0.0\n",
      "\n",
      "\n",
      "\n",
      "-ax[0] =============  [-0.99334839]\n",
      "-ax[0][0] =============  -0.9933483895313412\n",
      "\n",
      "\n",
      "\n",
      "-ax[1] =============  [-0.]\n",
      "-ax[1][0] =============  -0.0\n",
      "\n",
      "\n",
      "\n",
      "np.sin(phi) =================  [0.25106168]\n",
      "np.sin(phi)[0] =================  0.2510616794178204\n",
      "\n",
      "\n",
      "\n",
      "R ======================  [[ 0.99957533  0.02890916 -0.00366352]\n",
      " [-0.02890916  0.96797109 -0.24939171]\n",
      " [-0.00366352  0.24939171  0.96839576]]\n",
      "\n",
      "\n",
      "\n",
      "phi =============  [0.18454055]\n",
      "phi[0] =============  0.18454055368209862\n",
      "\n",
      "\n",
      "\n",
      "-ax[2] =============  [-0.02890758]\n",
      "-ax[2][0] =============  -0.02890758389395522\n",
      "\n",
      "\n",
      "\n",
      "ax[1] =============  [-0.]\n",
      "ax[1][0] =============  -0.0\n",
      "\n",
      "\n",
      "\n",
      "-ax[0] =============  [-0.99958209]\n",
      "-ax[0][0] =============  -0.9995820884716842\n",
      "\n",
      "\n",
      "\n",
      "-ax[1] =============  [0.]\n",
      "-ax[1][0] =============  0.0\n",
      "\n",
      "\n",
      "\n",
      "np.sin(phi) =================  [0.18349491]\n",
      "np.sin(phi)[0] =================  0.18349490768812465\n",
      "\n",
      "\n",
      "\n",
      "R ======================  [[ 9.99985811e-01 -5.30439444e-03  4.90626559e-04]\n",
      " [ 5.30439444e-03  9.83020660e-01 -1.83418223e-01]\n",
      " [ 4.90626559e-04  1.83418223e-01  9.83034849e-01]]\n",
      "\n",
      "\n",
      "\n",
      "phi =============  [0.30371028]\n",
      "phi[0] =============  0.30371028347411544\n",
      "\n",
      "\n",
      "\n",
      "-ax[2] =============  [0.06981449]\n",
      "-ax[2][0] =============  0.06981448637522766\n",
      "\n",
      "\n",
      "\n",
      "ax[1] =============  [0.]\n",
      "ax[1][0] =============  0.0\n",
      "\n",
      "\n",
      "\n",
      "-ax[0] =============  [-0.99755999]\n",
      "-ax[0][0] =============  -0.9975599919263819\n",
      "\n",
      "\n",
      "\n",
      "-ax[1] =============  [-0.]\n",
      "-ax[1][0] =============  -0.0\n",
      "\n",
      "\n",
      "\n",
      "np.sin(phi) =================  [0.29906273]\n",
      "np.sin(phi)[0] =================  0.299062733623312\n",
      "\n",
      "\n",
      "\n",
      "R ======================  [[ 0.99977693  0.02087891 -0.00318737]\n",
      " [-0.02087891  0.95423345 -0.29833302]\n",
      " [-0.00318737  0.29833302  0.95445652]]\n",
      "\n",
      "\n",
      "\n",
      "phi =============  [0.07227276]\n",
      "phi[0] =============  0.07227275983304958\n",
      "\n",
      "\n",
      "\n",
      "-ax[2] =============  [-0.73634275]\n",
      "-ax[2][0] =============  -0.7363427457238421\n",
      "\n",
      "\n",
      "\n",
      "ax[1] =============  [0.]\n",
      "ax[1][0] =============  0.0\n",
      "\n",
      "\n",
      "\n",
      "-ax[0] =============  [0.67660872]\n",
      "-ax[0][0] =============  0.6766087206206206\n",
      "\n",
      "\n",
      "\n",
      "-ax[1] =============  [-0.]\n",
      "-ax[1][0] =============  -0.0\n",
      "\n",
      "\n",
      "\n",
      "np.sin(phi) =================  [0.07220986]\n",
      "np.sin(phi)[0] =================  0.07220985858786905\n",
      "\n",
      "\n",
      "\n",
      "R ======================  [[ 0.99858456 -0.05317121 -0.00130061]\n",
      " [ 0.05317121  0.99738946  0.04885782]\n",
      " [-0.00130061 -0.04885782  0.9988049 ]]\n",
      "\n",
      "\n",
      "\n",
      "phi =============  [0.26795998]\n",
      "phi[0] =============  0.2679599766858266\n",
      "\n",
      "\n",
      "\n",
      "-ax[2] =============  [0.04497206]\n",
      "-ax[2][0] =============  0.04497205922226561\n",
      "\n",
      "\n",
      "\n",
      "ax[1] =============  [0.]\n",
      "ax[1][0] =============  0.0\n",
      "\n",
      "\n",
      "\n",
      "-ax[0] =============  [-0.99898825]\n",
      "-ax[0][0] =============  -0.9989882451206866\n",
      "\n",
      "\n",
      "\n",
      "-ax[1] =============  [-0.]\n",
      "-ax[1][0] =============  -0.0\n",
      "\n",
      "\n",
      "\n",
      "np.sin(phi) =================  [0.26476477]\n",
      "np.sin(phi)[0] =================  0.26476476792718423\n",
      "\n",
      "\n",
      "\n",
      "R ======================  [[ 0.99992782  0.01190702 -0.00160329]\n",
      " [-0.01190702  0.96431303 -0.26449689]\n",
      " [-0.00160329  0.26449689  0.96438521]]\n",
      "\n",
      "\n",
      "\n",
      "phi =============  [0.23292894]\n",
      "phi[0] =============  0.23292894493641164\n",
      "\n",
      "\n",
      "\n",
      "-ax[2] =============  [0.11649292]\n",
      "-ax[2][0] =============  0.11649292418528558\n",
      "\n",
      "\n",
      "\n",
      "ax[1] =============  [0.]\n",
      "ax[1][0] =============  0.0\n",
      "\n",
      "\n",
      "\n",
      "-ax[0] =============  [-0.99319152]\n",
      "-ax[0][0] =============  -0.9931915216184446\n",
      "\n",
      "\n",
      "\n",
      "-ax[1] =============  [-0.]\n",
      "-ax[1][0] =============  -0.0\n",
      "\n",
      "\n",
      "\n",
      "np.sin(phi) =================  [0.23082836]\n",
      "np.sin(phi)[0] =================  0.23082835683831515\n",
      "\n",
      "\n",
      "\n",
      "R ======================  [[ 0.99963352  0.02688987 -0.00312453]\n",
      " [-0.02688987  0.97299449 -0.22925677]\n",
      " [-0.00312453  0.22925677  0.97336097]]\n",
      "\n",
      "\n",
      "\n",
      "phi =============  [0.33123636]\n",
      "phi[0] =============  0.33123636026683656\n",
      "\n",
      "\n",
      "\n",
      "-ax[2] =============  [0.13885053]\n",
      "-ax[2][0] =============  0.13885053030343059\n",
      "\n",
      "\n",
      "\n",
      "ax[1] =============  [0.]\n",
      "ax[1][0] =============  0.0\n",
      "\n",
      "\n",
      "\n",
      "-ax[0] =============  [-0.99031335]\n",
      "-ax[0][0] =============  -0.9903133495184522\n",
      "\n",
      "\n",
      "\n",
      "-ax[1] =============  [-0.]\n",
      "-ax[1][0] =============  -0.0\n",
      "\n",
      "\n",
      "\n",
      "np.sin(phi) =================  [0.32521243]\n",
      "np.sin(phi)[0] =================  0.32521242959726515\n",
      "\n",
      "\n",
      "\n",
      "R ======================  [[ 0.99895199  0.04515592 -0.00747467]\n",
      " [-0.04515592  0.94564099 -0.32206221]\n",
      " [-0.00747467  0.32206221  0.946689  ]]\n",
      "\n",
      "\n",
      "\n",
      "phi =============  [0.19490373]\n",
      "phi[0] =============  0.19490372626163724\n",
      "\n",
      "\n",
      "\n",
      "-ax[2] =============  [-0.18596232]\n",
      "-ax[2][0] =============  -0.18596232235770271\n",
      "\n",
      "\n",
      "\n",
      "ax[1] =============  [-0.]\n",
      "ax[1][0] =============  -0.0\n",
      "\n",
      "\n",
      "\n",
      "-ax[0] =============  [-0.98255688]\n",
      "-ax[0][0] =============  -0.9825568760450103\n",
      "\n",
      "\n",
      "\n",
      "-ax[1] =============  [0.]\n",
      "-ax[1][0] =============  0.0\n",
      "\n",
      "\n",
      "\n",
      "np.sin(phi) =================  [0.19367208]\n",
      "np.sin(phi)[0] =================  0.1936720849379328\n",
      "\n",
      "\n",
      "\n",
      "R ======================  [[ 0.99934524 -0.03601571  0.00345953]\n",
      " [ 0.03601571  0.98106632 -0.19029384]\n",
      " [ 0.00345953  0.19029384  0.98172108]]\n",
      "\n",
      "\n",
      "\n",
      "phi =============  [0.06647975]\n",
      "phi[0] =============  0.0664797455382894\n",
      "\n",
      "\n",
      "\n",
      "-ax[2] =============  [-0.92151172]\n",
      "-ax[2][0] =============  -0.9215117244178458\n",
      "\n",
      "\n",
      "\n",
      "ax[1] =============  [0.]\n",
      "ax[1][0] =============  0.0\n",
      "\n",
      "\n",
      "\n",
      "-ax[0] =============  [0.38835054]\n",
      "-ax[0][0] =============  0.3883505397967772\n",
      "\n",
      "\n",
      "\n",
      "-ax[1] =============  [-0.]\n",
      "-ax[1][0] =============  -0.0\n",
      "\n",
      "\n",
      "\n",
      "np.sin(phi) =================  [0.06643079]\n",
      "np.sin(phi)[0] =================  0.06643078785877757\n",
      "\n",
      "\n",
      "\n",
      "R ======================  [[ 9.98124183e-01 -6.12167499e-02 -7.90521206e-04]\n",
      " [ 6.12167499e-02  9.97791035e-01  2.57984323e-02]\n",
      " [-7.90521206e-04 -2.57984323e-02  9.99666852e-01]]\n",
      "\n",
      "\n",
      "\n",
      "phi =============  [0.08827201]\n",
      "phi[0] =============  0.08827200726002993\n",
      "\n",
      "\n",
      "\n",
      "-ax[2] =============  [0.11788924]\n",
      "-ax[2][0] =============  0.11788924004122096\n",
      "\n",
      "\n",
      "\n",
      "ax[1] =============  [0.]\n",
      "ax[1][0] =============  0.0\n",
      "\n",
      "\n",
      "\n",
      "-ax[0] =============  [-0.99302675]\n",
      "-ax[0][0] =============  -0.9930267504365143\n",
      "\n",
      "\n",
      "\n",
      "-ax[1] =============  [-0.]\n",
      "-ax[1][0] =============  -0.0\n",
      "\n",
      "\n",
      "\n",
      "np.sin(phi) =================  [0.08815742]\n",
      "np.sin(phi)[0] =================  0.08815741677569096\n",
      "\n",
      "\n",
      "\n",
      "R ======================  [[ 9.99945889e-01  1.03928109e-02 -4.55794528e-04]\n",
      " [-1.03928109e-02  9.96106555e-01 -8.75426731e-02]\n",
      " [-4.55794528e-04  8.75426731e-02  9.96160666e-01]]\n",
      "\n",
      "\n",
      "\n",
      "phi =============  [0.04683314]\n",
      "phi[0] =============  0.04683313597284647\n",
      "\n",
      "\n",
      "\n",
      "-ax[2] =============  [-0.18327619]\n",
      "-ax[2][0] =============  -0.18327619174610985\n",
      "\n",
      "\n",
      "\n",
      "ax[1] =============  [0.]\n",
      "ax[1][0] =============  0.0\n",
      "\n",
      "\n",
      "\n",
      "-ax[0] =============  [0.98306146]\n",
      "-ax[0][0] =============  0.9830614617301623\n",
      "\n",
      "\n",
      "\n",
      "-ax[1] =============  [-0.]\n",
      "-ax[1][0] =============  -0.0\n",
      "\n",
      "\n",
      "\n",
      "np.sin(phi) =================  [0.04681602]\n",
      "np.sin(phi)[0] =================  0.04681601766470438\n",
      "\n",
      "\n",
      "\n",
      "R ======================  [[ 9.99963169e-01 -8.58026143e-03 -1.97553089e-04]\n",
      " [ 8.58026143e-03  9.98903529e-01  4.60230228e-02]\n",
      " [-1.97553089e-04 -4.60230228e-02  9.98940360e-01]]\n",
      "\n",
      "\n",
      "\n",
      "phi =============  [0.0369538]\n",
      "phi[0] =============  0.0369538016632723\n",
      "\n",
      "\n",
      "\n",
      "-ax[2] =============  [-0.35153662]\n",
      "-ax[2][0] =============  -0.35153662005245717\n",
      "\n",
      "\n",
      "\n",
      "ax[1] =============  [0.]\n",
      "ax[1][0] =============  0.0\n",
      "\n",
      "\n",
      "\n",
      "-ax[0] =============  [0.93617413]\n",
      "-ax[0][0] =============  0.9361741316454405\n",
      "\n",
      "\n",
      "\n",
      "-ax[1] =============  [-0.]\n",
      "-ax[1][0] =============  -0.0\n",
      "\n",
      "\n",
      "\n",
      "np.sin(phi) =================  [0.03694539]\n",
      "np.sin(phi)[0] =================  0.036945391654148264\n",
      "\n",
      "\n",
      "\n",
      "R ======================  [[ 9.99915632e-01 -1.29876581e-02 -2.24680840e-04]\n",
      " [ 1.29876581e-02  9.99317286e-01  3.45873200e-02]\n",
      " [-2.24680840e-04 -3.45873200e-02  9.99401654e-01]]\n",
      "\n",
